#ring with 40 beads

40 atoms
40 bonds
40 angles

Coords
 
1 6.37 0.00  0.0
 2 6.29 1.00  0.0
 3 6.05 1.97  0.0
 4 5.67 2.89  0.0
 5 5.15 3.74  0.0
 6 4.50 4.50  0.0
 7 3.74 5.15  0.0
 8 2.89 5.67  0.0
 9 1.97 6.05  0.0
 10 1.00 6.29  0.0
 11 0.00 6.37  0.0
 12 -1.00 6.29  0.0
 13 -1.97 6.05  0.0
 14 -2.89 5.67  0.0
 15 -3.74 5.15  0.0
 16 -4.50 4.50  0.0
 17 -5.15 3.74  0.0
 18 -5.67 2.89  0.0
 19 -6.05 1.97  0.0
 20 -6.29 1.00  0.0
 21 -6.37 0.00  0.0
 22 -6.29 -1.00  0.0
 23 -6.05 -1.97  0.0
 24 -5.67 -2.89  0.0
 25 -5.15 -3.74  0.0
 26 -4.50 -4.50  0.0
 27 -3.74 -5.15  0.0
 28 -2.89 -5.67  0.0
 29 -1.97 -6.05  0.0
 30 -1.00 -6.29  0.0
 31 -0.00 -6.37  0.0
 32 1.00 -6.29  0.0
 33 1.97 -6.05  0.0
 34 2.89 -5.67  0.0
 35 3.74 -5.15  0.0
 36 4.50 -4.50  0.0
 37 5.15 -3.74  0.0
 38 5.67 -2.89  0.0
 39 6.05 -1.97  0.0
 40 6.29 -1.00  0.0



Types

1 2
2 1
3 1
4 1
5 1
6 1
7 1
8 1
9 1
10 1
11 1
12 1
13 1
14 1
15 1
16 1
17 1
18 1
19 1
20 3
21 1
22 1
23 1
24 1
25 1
26 1
27 1
28 1
29 1
30 1
31 1
32 1
33 1
34 1
35 1
36 1
37 1
38 1
39 1
40 1



Bonds

1 1 1 2
2 1 2 3
3 1 3 4
4 1 4 5
5 1 5 6
6 1 6 7
7 1 7 8
8 1 8 9
9 1 9 10
10 1 10 11
11 1 11 12
12 1 12 13
13 1 13 14
14 1 14 15
15 1 15 16
16 1 16 17
17 1 17 18
18 1 18 19
19 1 19 20
20 1 20 21
21 1 21 22
22 1 22 23
23 1 23 24
24 1 24 25
25 1 25 26
26 1 26 27
27 1 27 28
28 1 28 29
29 1 29 30
30 1 30 31
31 1 31 32
32 1 32 33
33 1 33 34
34 1 34 35
35 1 35 36
36 1 36 37
37 1 37 38
38 1 38 39
39 1 39 40
40 1 40 1

Angles 

1 1 1 2 3
2 1 2 3 4
3 1 3 4 5
4 1 4 5 6
5 1 5 6 7
6 1 6 7 8
7 1 7 8 9
8 1 8 9 10
9 1 9 10 11
10 1 10 11 12
11 1 11 12 13
12 1 12 13 14
13 1 13 14 15
14 1 14 15 16
15 1 15 16 17
16 1 16 17 18
17 1 17 18 19
18 1 18 19 20
19 2 19 20 21
20 1 20 21 22
21 1 21 22 23
22 1 22 23 24
23 1 23 24 25
24 1 24 25 26
25 1 25 26 27
26 1 26 27 28
27 1 27 28 29
28 1 28 29 30
29 1 29 30 31
30 1 30 31 32
31 1 31 32 33
32 1 32 33 34
33 1 33 34 35
34 1 34 35 36
35 1 35 36 37
36 1 36 37 38
37 1 37 38 39
38 1 38 39 40
39 1 39 40 1
40 2 40 1 2

Special Bond Counts

1 2 2 2
2 2 2 2
3 2 2 2
4 2 2 2
5 2 2 2
6 2 2 2
7 2 2 2
8 2 2 2
9 2 2 2
10 2 2 2
11 2 2 2
12 2 2 2
13 2 2 2
14 2 2 2
15 2 2 2
16 2 2 2
17 2 2 2
18 2 2 2
19 2 2 2
20 2 2 2
21 2 2 2
22 2 2 2
23 2 2 2
24 2 2 2
25 2 2 2
26 2 2 2
27 2 2 2
28 2 2 2
29 2 2 2
30 2 2 2
31 2 2 2
32 2 2 2
33 2 2 2
34 2 2 2
35 2 2 2
36 2 2 2
37 2 2 2
38 2 2 2
39 2 2 2
40 2 2 2


Special Bonds

1  2  40    3  39   4  38
2  3  1     4  40   5  39
3  4  2     5  1    6  40
4  5  3     6  2    7  1
5  6  4     7  3    8  2
6  7  5     8  4    9  3
7  8  6     9  5   10  4
8  9  7    10  6   11  5
9 10  8    11  7   12  6
10 11  9   12  8   13  7
11 12 10   13  9   14  8
12 13 11   14 10   15  9
13 14 12   15 11   16 10
14 15 13   16 12   17 11
15 16 14   17 13   18 12
16 17 15   18 14   19 13
17 18 16   19 15   20 14
18 19 17   20 16   21 15
19 20 18   21 17   22 16
20 21 19   22 18   23 17
21 22 20   23 19   24 18
22 23 21   24 20   25 19
23 24 22   25 21   26 20
24 25 23   26 22   27 21
25 26 24   27 23   28 22
26 27 25   28 24   29 23
27 28 26   29 25   30 24
28 29 27   30 26   31 25
29 30 28   31 27   32 26
30 31 29   32 28   33 27
31 32 30   33 29   34 28
32 33 31   34 30   35 29
33 34 32   35 31   36 30
34 35 33   36 32   37 31
35 36 34   37 33   38 32
36 37 35   38 34   39 33
37 38 36   39 35   40 34
38 39 37   40 36    1 35
39 40 38    1 37    2 36
40  1 39    2 38    3 37




